j <- matrix(1,nrow=5,ncol=4)
j2 <- j * 5
j5 <- 1:10

